#original information from https://pmc.ncbi.nlm.nih.gov/articles/PMC4378521/

dates <- c(1940, 1943, 1950, 1953, 1959, 1960, 1962, 1965, 1967,
           1968, 1972, 1979, 1985, 1987, 1988, 1996, 1996, 1998,
           2000, 2000, 2001, 2002, 2003, 2004, 2009, 2010, 2011)
names <- c("Penicillin-R Staphylococcus", "Penicilin", )
